	004
	858
	487
	703
	217
	654
	168
	507
	377
	105
	634
	002
	647
	731
	128
	499
	307
	244
	851
	441
	090
	357
	865
	711
	033
	443
	419
	793
	531
	999
	883
	261
	579
	086
	703
	285
	988
	550
	325
	970
	512
	343
	063
	312
	965
	327
	580
	978
	241
	840
	458
	705
	778
	582
	504
	607
	655
	879
	151
	828
	149
	694
	589
	867
	198
	840
	959
	598
	497
	597
	989
	866
	084
	694
	560
	490
	675
	801
	786
	347
	730
	851
	438
	931
	275
	584
	908
	138
	190
	409
	481
	880
	911
	319
	491
	978
	644
	808
	036
	817
	873
	514
	056
	590
	135
	331
	578
	105
	862
	821
	454
	454
	617
	375
	919
	870
	245
	363
	440
	066
	372
	700
	053
	263
	362
	863
	694
	129
	133
	765
	441
	926
	533
	609
	503
	994
	018

	565
	319
	382
	913
	454
	161
	429
	058
	505
	655
	350
	780
	911
	229
	203
	432
	392
	967
	236
	137
	647
	780
	308
	966
	936
	691
	439
	636
	980
	058
	266
	693
	498
	568
	235
	464
	310
	907
	628
	785
	433
	105
	091
	526
	639

	004858487703217654168507377105634002647731128499307244851441090357865711033443419793531999883261579086703285988550325970512343063312965327580978241840458705778582504607655879151828149694589867198840959598497597989866084694560490675801786347730851438931275584908138190409481880911319491978644808036817873514056590135331578105862821454454617375919870245363440066372700053263362863694129133765441926533609503994018565319382913454161429058505655350780911229203432392967236137647780308966936691439636980058266693498568235464310907628785433105091526639

	http://keelyhill.github.io/tuppers-formula/

	bcactf{a11_0ccur}